station_observations
ONE_DAY_PRECIPITATION, ONE_DAY_RAIN, MIN_TEMP, ONE_DAY_SNOW, time, SNOW_ON_THE_GROUND, MAX_TEMP
0.0, 0.0, 3.0, 0.0, 2020-02-25 00:00:00, 0.0, 6.5
0.0, 0.0, 3.5, 0.0, 2020-02-27 00:00:00, 0.0, 10.0
8.0, 8.0, 6.0, 0.0, 2020-02-28 00:00:00, 0.0, 8.5
0.0, 0.0, 2.0, 0.0, 2020-02-29 00:00:00, 0.0, 10.0
0.0, 0.0, 4.5, 0.0, 2020-03-03 00:00:00, 0.0, 10.0
1.0, 1.0, 1.0, 0.0, 2020-03-07 00:00:00, 0.0, 7.0
0.4, 0.4, 0.5, 0.0, 2020-03-08 00:00:00, 0.0, 7.5
0.0, 0.0, 0.0, 0.0, 2020-03-09 00:00:00, 0.0, 7.5
0.0, 0.0, 2.0, 0.0, 2020-03-17 00:00:00, 0.0, 12.0
0.0, 0.0, 2.0, 0.0, 2020-03-18 00:00:00, 0.0, 13.0
0.0, 0.0, 3.0, 0.0, 2020-03-20 00:00:00, 0.0, 13.5
0.0, 0.0, 3.5, 0.0, 2020-03-21 00:00:00, 0.0, 12.0
0.0, 0.0, 4.0, 0.0, 2020-03-22 00:00:00, 0.0, 9.5
4.2, 4.2, 5.0, 0.0, 2020-03-23 00:00:00, 0.0, 11.0
0.2, 0.2, 4.0, 0.0, 2020-03-24 00:00:00, 0.0, 9.0
0.0, 0.0, 3.0, 0.0, 2020-03-25 00:00:00, 0.0, 10.0
1.2, 1.2, 5.0, 0.0, 2020-03-27 00:00:00, 0.0, 10.0
0.4, 0.4, 7.5, 0.0, 2020-03-28 00:00:00, 0.0, 11.0
5.2, 5.2, 6.0, 0.0, 2020-03-29 00:00:00, 0.0, 13.0
4.3, 4.3, 5.0, 0.0, 2020-03-30 00:00:00, 0.0, 9.5
2.0, 2.0, 2.0, 0.0, 2020-03-31 00:00:00, 0.0, 11.0
0.4, 0.4, 3.0, 0.0, 2020-04-01 00:00:00, 0.0, 9.5
0.6, 0.6, 2.5, 0.0, 2020-04-02 00:00:00, 0.0, 7.5
1.2, 1.2, 2.0, 0.0, 2020-04-03 00:00:00, 0.0, 8.0
