station_observations
ONE_DAY_PRECIPITATION, ONE_DAY_RAIN, ONE_DAY_SNOW, time, MIN_TEMP, MAX_TEMP, SNOW_ON_THE_GROUND
0.0, 0.0, 0.0, 2020-02-25 00:00:00, 2.5, 8.0, 0.0
0.0, 0.0, 0.0, 2020-02-26 00:00:00, 3.5, 10.5, 0.0
0.0, 0.0, 0.0, 2020-02-27 00:00:00, 6.0, 10.5, 0.0
7.2, 7.2, 0.0, 2020-02-28 00:00:00, 5.0, 10.0, 0.0
0.0, 0.0, 0.0, 2020-02-29 00:00:00, 2.0, 10.0, 0.0
3.2, 3.2, 0.0, 2020-03-01 00:00:00, 1.0, 8.0, 0.0
1.6, 1.6, 0.0, 2020-03-02 00:00:00, 2.5, 8.0, 0.0
0.8, 0.8, 0.0, 2020-03-03 00:00:00, 3.5, 10.5, 0.0
0.0, 0.0, 0.0, 2020-03-04 00:00:00, 3.0, 11.0, 0.0
1.0, 1.0, 0.0, 2020-03-05 00:00:00, 4.5, 9.5, 0.0
4.6, 4.6, 0.0, 2020-03-07 00:00:00, 0.5, 9.0, 0.0
0.0, 0.0, 0.0, 2020-03-08 00:00:00, 0.5, 8.5, 0.0
0.0, 0.0, 0.0, 2020-03-09 00:00:00, -0.5, 9.0, 0.0
0.4, 0.4, 0.0, 2020-03-10 00:00:00, 2.5, 9.5, 0.0
0.0, 0.0, 0.0, 2020-03-11 00:00:00, 3.5, 10.0, 0.0
1.4, 1.4, 0.0, 2020-03-12 00:00:00, 2.5, 8.0, 0.0
0.0, 0.0, 0.0, 2020-03-13 00:00:00, 2.5, 7.0, 0.0
0.0, 0.0, 0.0, 2020-03-14 00:00:00, 1.0, 5.0, 0.0
