station_observations
ONE_DAY_PRECIPITATION, ONE_DAY_RAIN, ONE_DAY_SNOW, time, MIN_TEMP, MAX_TEMP, SNOW_ON_THE_GROUND
4.6, 4.6, 0.0, 2020-02-25 00:00:00, 5.0, 9.0, 0.0
44.4, 44.4, 0.0, 2020-02-26 00:00:00, 7.0, 9.0, 0.0
29.6, 29.6, 0.0, 2020-02-27 00:00:00, 8.0, 9.0, 0.0
15.6, 15.6, 0.0, 2020-02-28 00:00:00, 4.0, 9.0, 0.0
1.8, 1.8, 0.0, 2020-02-29 00:00:00, 3.5, 10.0, 0.0
16.6, 16.6, 0.0, 2020-03-01 00:00:00, 2.5, 8.0, 0.0
21.2, 21.2, 0.0, 2020-03-02 00:00:00, 5.0, 8.0, 0.0
4.0, 4.0, 0.0, 2020-03-03 00:00:00, 6.0, 8.0, 0.0
57.1, 57.1, 0.0, 2020-03-04 00:00:00, 4.5, 7.0, 0.0
2.8, 2.8, 0.0, 2020-03-05 00:00:00, 3.0, 6.5, 0.0
10.6, 9.6, 1.0, 2020-03-06 00:00:00, 1.0, 6.0, 0.0
1.8, 1.8, 0.0, 2020-03-07 00:00:00, 0.0, 8.5, 1.0
0.2, 0.2, 0.0, 2020-03-08 00:00:00, 0.0, 9.0, 0.0
31.2, 31.2, 0.0, 2020-03-09 00:00:00, 0.5, 8.5, 0.0
20.4, 20.4, 0.0, 2020-03-10 00:00:00, 5.0, 8.0, 0.0
0.0, 0.0, 0.0, 2020-03-11 00:00:00, 3.5, 10.0, 0.0
1.0, 1.0, 0.0, 2020-03-12 00:00:00, 3.5, 8.0, 0.0
0.0, 0.0, 0.0, 2020-03-13 00:00:00, 1.0, 10.5, 0.0
0.0, 0.0, 0.0, 2020-03-14 00:00:00, -2.5, 8.0, 0.0
0.0, 0.0, 0.0, 2020-03-15 00:00:00, 0.0, 10.5, 0.0
0.0, 0.0, 0.0, 2020-03-16 00:00:00, 2.0, 13.0, 0.0
0.0, 0.0, 0.0, 2020-03-17 00:00:00, 4.5, 15.0, 0.0
0.0, 0.0, 0.0, 2020-03-18 00:00:00, 2.5, 11.5, 0.0
0.0, 0.0, 0.0, 2020-03-19 00:00:00, 5.0, 12.0, 0.0
0.0, 0.0, 0.0, 2020-03-20 00:00:00, 4.0, 16.0, 0.0
0.0, 0.0, 0.0, 2020-03-21 00:00:00, 5.5, 15.0, 0.0
20.8, 20.8, 0.0, 2020-03-22 00:00:00, 5.0, 7.5, 0.0
3.6, 3.6, 0.0, 2020-03-23 00:00:00, 3.0, 8.5, 0.0
0.0, 0.0, 0.0, 2020-03-24 00:00:00, 1.5, 12.0, 0.0
2.4, 2.4, 0.0, 2020-03-25 00:00:00, 4.0, 11.0, 0.0
10.6, 10.6, 0.0, 2020-03-26 00:00:00, 4.5, 6.5, 0.0
4.6, 4.6, 0.0, 2020-03-27 00:00:00, 5.0, 9.0, 0.0
18.2, 18.2, 0.0, 2020-03-28 00:00:00, 5.0, 8.0, 0.0
25.8, 25.8, 0.0, 2020-03-29 00:00:00, 5.0, 8.0, 0.0
3.4, 3.4, 0.0, 2020-03-30 00:00:00, 1.0, 8.5, 0.0
6.6, 6.6, 0.0, 2020-03-31 00:00:00, 4.0, 9.0, 0.0
0.0, 0.0, 0.0, 2020-04-01 00:00:00, 0.5, 11.5, 0.0
0.0, 0.0, 0.0, 2020-04-02 00:00:00, 2.5, 9.5, 0.0
0.0, 0.0, 0.0, 2020-04-03 00:00:00, 2.0, 10.0, 0.0
