station_observations
ONE_DAY_PRECIPITATION, ONE_DAY_RAIN, ONE_DAY_SNOW, time, MIN_TEMP, MAX_TEMP, SNOW_ON_THE_GROUND
3.6, 3.6, 0.0, 2020-02-25 00:00:00, 3.5, 5.5, 0.0
37.4, 37.4, 0.0, 2020-02-26 00:00:00, 4.5, 9.0, 0.0
13.6, 13.6, 0.0, 2020-02-27 00:00:00, 6.0, 8.0, 0.0
19.8, 19.8, 0.0, 2020-02-28 00:00:00, 5.5, 7.5, 0.0
0.0, 0.0, 0.0, 2020-02-29 00:00:00, 0.0, 8.5, 0.0
3.0, 3.0, 0.0, 2020-03-01 00:00:00, -2.0, 6.5, 0.0
12.2, 12.2, 0.0, 2020-03-02 00:00:00, 3.0, 8.0, 0.0
13.0, 13.0, 0.0, 2020-03-03 00:00:00, 4.0, 7.5, 0.0
11.6, 11.6, 0.0, 2020-03-04 00:00:00, 1.0, 8.5, 0.0
20.8, 20.8, 0.0, 2020-03-05 00:00:00, 4.0, 7.5, 0.0
22.8, 22.8, 0.0, 2020-03-06 00:00:00, -0.5, 7.0, 0.0
0.8, 0.8, 0.0, 2020-03-07 00:00:00, 0.5, 6.5, 0.0
0.0, 0.0, 0.0, 2020-03-08 00:00:00, -2.0, 7.5, 0.0
18.0, 18.0, 0.0, 2020-03-09 00:00:00, -2.0, 8.5, 0.0
27.8, 27.8, 0.0, 2020-03-10 00:00:00, 3.5, 8.0, 0.0
0.0, 0.0, 0.0, 2020-03-11 00:00:00, 0.0, 9.5, 0.0
0.8, 0.8, 0.0, 2020-03-12 00:00:00, -0.5, 9.0, 0.0
0.0, 0.0, 0.0, 2020-03-13 00:00:00, 2.0, 9.0, 0.0
0.0, 0.0, 0.0, 2020-03-14 00:00:00, 2.0, 7.5, 0.0
0.0, 0.0, 0.0, 2020-03-15 00:00:00, 1.0, 8.5, 0.0
0.0, 0.0, 0.0, 2020-03-16 00:00:00, -3.0, 11.5, 0.0
0.0, 0.0, 0.0, 2020-03-17 00:00:00, -1.5, 10.0, 0.0
0.0, 0.0, 0.0, 2020-03-18 00:00:00, -1.5, 9.5, 0.0
0.0, 0.0, 0.0, 2020-03-19 00:00:00, 4.5, 10.0, 0.0
0.0, 0.0, 0.0, 2020-03-20 00:00:00, 0.0, 12.0, 0.0
0.0, 0.0, 0.0, 2020-03-21 00:00:00, 4.0, 11.5, 0.0
6.8, 6.8, 0.0, 2020-03-22 00:00:00, 2.5, 8.5, 0.0
8.0, 8.0, 0.0, 2020-03-23 00:00:00, 2.5, 8.0, 0.0
