station_observations
ONE_DAY_PRECIPITATION, ONE_DAY_RAIN, ONE_DAY_SNOW, time, MIN_TEMP, MAX_TEMP, SNOW_ON_THE_GROUND
1.5, 1.5, 0.0, 2020-02-25 00:00:00, -2.0, 4.0, 0.0
8.2, 8.2, 0.0, 2020-02-26 00:00:00, 2.0, 8.0, 0.0
1.0, 1.0, 0.0, 2020-02-27 00:00:00, 5.0, 7.5, 0.0
6.6, 6.6, 0.0, 2020-02-28 00:00:00, 5.5, 6.5, 0.0
0.0, 0.0, 0.0, 2020-02-29 00:00:00, 2.5, 9.0, 0.0
4.0, 4.0, 0.0, 2020-03-01 00:00:00, -3.0, 4.0, 0.0
11.0, 11.0, 0.0, 2020-03-02 00:00:00, -2.5, 4.5, 0.0
1.5, 1.5, 0.0, 2020-03-03 00:00:00, 1.5, 7.0, 0.0
0.0, 0.0, 0.0, 2020-03-04 00:00:00, -1.0, 8.5, 0.0
2.8, 2.8, 0.0, 2020-03-05 00:00:00, 5.0, 9.0, 0.0
0.0, 0.0, 0.0, 2020-03-06 00:00:00, -3.0, 7.0, 0.0
2.0, 2.0, 0.0, 2020-03-07 00:00:00, -2.5, 4.0, 0.0
0.0, 0.0, 0.0, 2020-03-08 00:00:00, -2.0, 6.0, 0.0
3.0, 3.0, 0.0, 2020-03-10 00:00:00, 3.0, 5.5, 0.0
0.0, 0.0, 0.0, 2020-03-11 00:00:00, 3.0, 9.5, 0.0
0.0, 0.0, 0.0, 2020-03-12 00:00:00, -0.5, 8.0, 0.0
0.0, 0.0, 0.0, 2020-03-13 00:00:00, -0.5, 8.0, 0.0
0.0, 0.0, 0.0, 2020-03-14 00:00:00, -3.0, 5.0, 0.0
0.0, 0.0, 0.0, 2020-03-15 00:00:00, -4.5, 6.5, 0.0
0.0, 0.0, 0.0, 2020-03-16 00:00:00, -5.0, 10.0, 0.0
0.0, 0.0, 0.0, 2020-03-17 00:00:00, -3.0, 12.0, 0.0
0.0, 0.0, 0.0, 2020-03-18 00:00:00, -3.0, 12.0, 0.0
0.0, 0.0, 0.0, 2020-03-19 00:00:00, -3.0, 11.0, 0.0
0.0, 0.0, 0.0, 2020-03-20 00:00:00, -2.0, 12.5, 0.0
0.0, 0.0, 0.0, 2020-03-21 00:00:00, -2.0, 12.0, 0.0
0.0, 0.0, 0.0, 2020-03-22 00:00:00, 0.5, 9.0, 0.0
5.0, 5.0, 0.0, 2020-03-23 00:00:00, 4.5, 9.5, 0.0
0.0, 0.0, 0.0, 2020-03-24 00:00:00, 1.5, 9.0, 0.0
0.0, 0.0, 0.0, 2020-03-25 00:00:00, -3.0, 10.0, 0.0
5.0, 5.0, 0.0, 2020-03-26 00:00:00, -2.0, 7.0, 0.0
2.0, 2.0, 0.0, 2020-03-27 00:00:00, 4.0, 7.0, 0.0
0.4, 0.4, 0.0, 2020-03-28 00:00:00, 6.0, 8.5, 0.0
10.4, 10.4, 0.0, 2020-03-29 00:00:00, 6.0, 11.5, 0.0
0.0, 0.0, 0.0, 2020-03-30 00:00:00, 4.5, 9.0, 0.0
0.0, 0.0, 0.0, 2020-03-31 00:00:00, 0.0, 10.0, 0.0
1.0, 1.0, 0.0, 2020-04-01 00:00:00, -2.0, 9.0, 0.0
3.0, 3.0, 0.0, 2020-04-02 00:00:00, -2.0, 7.5, 0.0
0.0, 0.0, 0.0, 2020-04-03 00:00:00, 1.0, 8.0, 0.0
