station_observations
ONE_DAY_PRECIPITATION, ONE_DAY_RAIN, MIN_TEMP, ONE_DAY_SNOW, time, SNOW_ON_THE_GROUND, MAX_TEMP
12.4, 12.4, 1.5, 0.0, 2020-02-25 00:00:00, 0.0, 7.0
1.4, 1.4, 5.0, 0.0, 2020-02-26 00:00:00, 0.0, 9.0
3.0, 3.0, 5.0, 0.0, 2020-02-27 00:00:00, 0.0, 8.0
0.0, 0.0, 1.5, 0.0, 2020-02-28 00:00:00, 0.0, 7.0
0.6, 0.6, 2.0, 0.0, 2020-02-29 00:00:00, 0.0, 6.0
21.4, 21.4, 2.0, 0.0, 2020-03-01 00:00:00, 0.0, 7.5
3.4, 3.4, 1.0, 0.0, 2020-03-02 00:00:00, 0.0, 6.5
6.8, 6.8, 1.0, 0.0, 2020-03-03 00:00:00, 0.0, 6.0
9.0, 9.0, 0.0, 0.0, 2020-03-04 00:00:00, 0.0, 4.0
0.4, 0.4, 2.0, 0.0, 2020-03-05 00:00:00, 0.0, 4.5
0.0, 0.0, -0.5, 0.0, 2020-03-06 00:00:00, 0.0, 5.0
0.0, 0.0, 0.0, 0.0, 2020-03-07 00:00:00, 0.0, 5.0
0.0, 0.0, 0.0, 0.0, 2020-03-08 00:00:00, 0.0, 6.0
17.6, 17.6, 2.5, 0.0, 2020-03-09 00:00:00, 0.0, 6.5
0.6, 0.6, 3.5, 0.0, 2020-03-10 00:00:00, 0.0, 6.0
0.8, 0.8, 2.0, 0.0, 2020-03-11 00:00:00, 0.0, 4.5
0.2, 0.2, 1.5, 0.0, 2020-03-12 00:00:00, 0.0, 5.0
0.0, 0.0, -0.5, 0.0, 2020-03-13 00:00:00, 0.0, 3.0
0.0, 0.0, 0.5, 0.0, 2020-03-14 00:00:00, 0.0, 5.0
0.0, 0.0, 1.0, 0.0, 2020-03-15 00:00:00, 0.0, 7.0
0.0, 0.0, 2.0, 0.0, 2020-03-16 00:00:00, 0.0, 7.0
0.0, 0.0, 1.5, 0.0, 2020-03-17 00:00:00, 0.0, 7.0
2.8, 2.8, 4.0, 0.0, 2020-03-18 00:00:00, 0.0, 7.0
0.0, 0.0, 3.5, 0.0, 2020-03-19 00:00:00, 0.0, 10.0
0.0, 0.0, 3.0, 0.0, 2020-03-20 00:00:00, 0.0, 7.5
3.6, 3.6, 2.5, 0.0, 2020-03-21 00:00:00, 0.0, 7.0
9.0, 9.0, 2.0, 0.0, 2020-03-22 00:00:00, 0.0, 6.5
0.0, 0.0, 2.0, 0.0, 2020-03-23 00:00:00, 0.0, 9.0
0.0, 0.0, 0.0, 0.0, 2020-03-24 00:00:00, 0.0, 8.0
3.2, 3.2, 2.0, 0.0, 2020-03-25 00:00:00, 0.0, 6.5
4.6, 4.6, 4.0, 0.0, 2020-03-26 00:00:00, 0.0, 7.5
4.0, 4.0, 3.0, 0.0, 2020-03-27 00:00:00, 0.0, 7.0
11.2, 11.2, 1.5, 0.0, 2020-03-28 00:00:00, 0.0, 6.0
15.8, 11.4, 2.5, 4.4, 2020-03-29 00:00:00, 0.0, 7.0
3.2, 2.4, 0.5, 1.0, 2020-03-30 00:00:00, 0.0, 7.0
0.0, 0.0, 3.0, 0.0, 2020-03-31 00:00:00, 0.0, 6.0
0.0, 0.0, 0.5, 0.0, 2020-04-01 00:00:00, 0.0, 5.0
0.0, 0.0, 0.0, 0.0, 2020-04-02 00:00:00, 0.0, 5.5
2.2, 1.4, 0.0, 0.6, 2020-04-03 00:00:00, 0.0, 6.0
