station_observations
ONE_DAY_PRECIPITATION, ONE_DAY_RAIN, MIN_TEMP, ONE_DAY_SNOW, time, SNOW_ON_THE_GROUND, MAX_TEMP
42.6, 42.6, 0.0, 0.0, 2020-02-25 00:00:00, 0.0, 8.5
39.0, 39.0, 6.0, 0.0, 2020-02-26 00:00:00, 0.0, 9.0
28.2, 28.2, 6.5, 0.0, 2020-02-27 00:00:00, 0.0, 9.5
15.4, 15.4, 1.5, 0.0, 2020-02-28 00:00:00, 0.0, 4.5
0.2, 0.2, 1.5, 0.0, 2020-02-29 00:00:00, 0.0, 6.5
37.2, 34.0, 1.0, 3.2, 2020-03-01 00:00:00, 0.0, 7.0
33.2, 33.2, 2.0, 0.0, 2020-03-02 00:00:00, 0.0, 8.5
22.6, 22.6, 4.5, 0.0, 2020-03-03 00:00:00, 0.0, 7.5
30.1, 30.1, 1.5, 0.0, 2020-03-04 00:00:00, 0.0, 6.5
6.0, 4.8, 2.0, 1.2, 2020-03-05 00:00:00, 0.0, 6.5
2.0, 1.8, 1.0, 0.2, 2020-03-06 00:00:00, 0.0, 4.0
0.0, 0.0, 1.0, 0.0, 2020-03-07 00:00:00, 0.0, 9.0
1.6, 1.6, -0.5, 0.0, 2020-03-08 00:00:00, 0.0, 6.0
77.8, 75.2, 1.5, 2.6, 2020-03-09 00:00:00, 0.0, 5.5
27.4, 27.4, 1.0, 0.0, 2020-03-10 00:00:00, 0.0, 8.0
5.4, 5.4, 2.0, 0.0, 2020-03-11 00:00:00, 0.0, 8.0
0.0, 0.0, 1.0, 0.0, 2020-03-12 00:00:00, 0.0, 6.0
0.0, 0.0, -1.5, 0.0, 2020-03-13 00:00:00, 0.0, 2.5
0.0, 0.0, -5.0, 0.0, 2020-03-14 00:00:00, 0.0, 6.5
0.0, 0.0, -0.5, 0.0, 2020-03-15 00:00:00, 0.0, 13.0
0.0, 0.0, 1.0, 0.0, 2020-03-16 00:00:00, 0.0, 11.5
0.0, 0.0, 1.5, 0.0, 2020-03-17 00:00:00, 0.0, 15.0
0.0, 0.0, 2.5, 0.0, 2020-03-18 00:00:00, 0.0, 13.0
0.0, 0.0, 3.0, 0.0, 2020-03-19 00:00:00, 0.0, 15.0
0.0, 0.0, 2.5, 0.0, 2020-03-20 00:00:00, 0.0, 14.0
1.0, 1.0, 2.0, 0.0, 2020-03-21 00:00:00, 0.0, 13.5
20.4, 20.4, 3.0, 0.0, 2020-03-22 00:00:00, 0.0, 6.5
0.2, 0.2, 1.0, 0.0, 2020-03-23 00:00:00, 0.0, 9.5
0.0, 0.0, 2.0, 0.0, 2020-03-24 00:00:00, 0.0, 12.5
6.6, 6.6, 1.0, 0.0, 2020-03-25 00:00:00, 0.0, 10.0
