station_observations
ONE_DAY_PRECIPITATION, ONE_DAY_RAIN, ONE_DAY_SNOW, time, MIN_TEMP, MAX_TEMP, SNOW_ON_THE_GROUND
7.4, 7.4, 0.0, 2020-02-25 00:00:00, 3.5, 9.5, 0.0
22.2, 22.2, 0.0, 2020-02-26 00:00:00, 6.5, 8.5, 0.0
21.2, 21.2, 0.0, 2020-02-27 00:00:00, 6.5, 8.5, 0.0
27.3, 27.3, 0.0, 2020-02-28 00:00:00, 1.0, 5.0, 0.0
0.8, 0.8, 0.0, 2020-02-29 00:00:00, 0.5, 7.5, 0.0
21.4, 21.4, 0.0, 2020-03-01 00:00:00, 2.0, 6.5, 0.0
12.2, 12.2, 0.0, 2020-03-02 00:00:00, 4.0, 7.5, 0.0
7.6, 7.6, 0.0, 2020-03-03 00:00:00, 3.0, 8.0, 0.0
13.4, 13.4, 0.0, 2020-03-04 00:00:00, 1.0, 6.5, 0.0
13.0, 10.0, 3.0, 2020-03-05 00:00:00, 2.0, 5.0, 0.0
6.2, 6.2, 0.0, 2020-03-06 00:00:00, 0.5, 5.5, 3.0
0.2, 0.2, 0.0, 2020-03-07 00:00:00, 1.0, 8.0, 0.0
0.0, 0.0, 0.0, 2020-03-08 00:00:00, 0.5, 9.0, 0.0
15.4, 15.4, 0.0, 2020-03-09 00:00:00, 1.0, 7.0, 0.0
24.0, 24.0, 0.0, 2020-03-10 00:00:00, 2.0, 7.0, 0.0
3.2, 3.2, 0.0, 2020-03-11 00:00:00, 2.0, 9.0, 0.0
0.6, 0.6, 0.0, 2020-03-12 00:00:00, 1.5, 5.5, 0.0
0.0, 0.0, 0.0, 2020-03-13 00:00:00, -0.5, 0.5, 0.0
0.0, 0.0, 0.0, 2020-03-14 00:00:00, -5.0, 2.0, 0.0
0.0, 0.0, 0.0, 2020-03-15 00:00:00, -5.0, 12.5, 0.0
0.0, 0.0, 0.0, 2020-03-16 00:00:00, 1.0, 9.5, 0.0
0.0, 0.0, 0.0, 2020-03-17 00:00:00, 1.0, 14.0, 0.0
0.0, 0.0, 0.0, 2020-03-18 00:00:00, 1.5, 14.5, 0.0
0.0, 0.0, 0.0, 2020-03-19 00:00:00, 1.0, 10.5, 0.0
0.0, 0.0, 0.0, 2020-03-20 00:00:00, 2.0, 11.0, 0.0
0.0, 0.0, 0.0, 2020-03-21 00:00:00, 1.5, 11.0, 0.0
15.0, 15.0, 0.0, 2020-03-22 00:00:00, 3.5, 7.5, 0.0
0.4, 0.4, 0.0, 2020-03-23 00:00:00, 2.0, 7.0, 0.0
0.0, 0.0, 0.0, 2020-03-24 00:00:00, 1.0, 10.5, 0.0
4.0, 4.0, 0.0, 2020-03-25 00:00:00, 1.0, 11.0, 0.0
20.2, 20.2, 0.0, 2020-03-26 00:00:00, 4.0, 6.0, 0.0
18.6, 18.6, 0.0, 2020-03-27 00:00:00, 5.0, 7.5, 0.0
38.2, 38.2, 0.0, 2020-03-28 00:00:00, 5.5, 7.0, 0.0
8.8, 8.8, 0.0, 2020-03-29 00:00:00, 4.5, 8.0, 0.0
6.4, 6.4, 0.0, 2020-03-30 00:00:00, 1.5, 7.5, 0.0
0.0, 0.0, 0.0, 2020-03-31 00:00:00, 2.5, 8.0, 0.0
0.0, 0.0, 0.0, 2020-04-01 00:00:00, 1.0, 6.0, 0.0
0.0, 0.0, 0.0, 2020-04-02 00:00:00, 1.0, 9.0, 0.0
0.0, 0.0, 0.0, 2020-04-03 00:00:00, 0.5, 8.0, 0.0
