station_observations
ONE_DAY_PRECIPITATION, ONE_DAY_RAIN, ONE_DAY_SNOW, time, MIN_TEMP, MAX_TEMP, SNOW_ON_THE_GROUND
10.4, 10.4, 0.0, 2020-02-25 00:00:00, 3.0, 9.5, 0.0
25.6, 25.6, 0.0, 2020-02-26 00:00:00, 4.5, 7.5, 0.0
18.0, 18.0, 0.0, 2020-02-27 00:00:00, 6.0, 8.5, 0.0
34.6, 34.6, 0.0, 2020-02-28 00:00:00, 3.0, 5.5, 0.0
0.2, 0.2, 0.0, 2020-02-29 00:00:00, 1.0, 9.0, 0.0
30.8, 30.8, 0.0, 2020-03-01 00:00:00, 1.0, 6.5, 0.0
11.8, 11.8, 0.0, 2020-03-02 00:00:00, 3.5, 7.5, 0.0
7.6, 7.6, 0.0, 2020-03-03 00:00:00, 4.0, 8.5, 0.0
17.6, 17.6, 0.0, 2020-03-04 00:00:00, 1.0, 6.0, 0.0
6.4, 4.4, 2.0, 2020-03-05 00:00:00, 1.5, 6.0, 0.0
9.6, 5.6, 4.0, 2020-03-06 00:00:00, 0.0, 5.0, 0.0
0.2, 0.2, 0.0, 2020-03-07 00:00:00, 0.0, 7.0, 3.0
1.2, 1.2, 0.0, 2020-03-08 00:00:00, 0.0, 6.0, 0.0
30.2, 30.2, 0.0, 2020-03-09 00:00:00, 1.5, 6.5, 0.0
15.0, 15.0, 0.0, 2020-03-10 00:00:00, 2.0, 7.5, 0.0
1.4, 1.4, 0.0, 2020-03-11 00:00:00, 2.5, 8.0, 0.0
0.0, 0.0, 0.0, 2020-03-12 00:00:00, 1.0, 6.0, 0.0
0.0, 0.0, 0.0, 2020-03-13 00:00:00, -2.0, 3.0, 0.0
0.0, 0.0, 0.0, 2020-03-14 00:00:00, -4.5, 2.5, 0.0
0.0, 0.0, 0.0, 2020-03-15 00:00:00, -1.0, 10.5, 0.0
0.0, 0.0, 0.0, 2020-03-16 00:00:00, 0.5, 10.0, 0.0
0.0, 0.0, 0.0, 2020-03-17 00:00:00, 1.5, 14.0, 0.0
0.0, 0.0, 0.0, 2020-03-18 00:00:00, 2.0, 12.5, 0.0
0.0, 0.0, 0.0, 2020-03-19 00:00:00, 3.0, 10.5, 0.0
0.0, 0.0, 0.0, 2020-03-20 00:00:00, 1.5, 10.5, 0.0
0.2, 0.2, 0.0, 2020-03-21 00:00:00, 1.5, 11.0, 0.0
11.6, 11.6, 0.0, 2020-03-22 00:00:00, 3.5, 7.5, 0.0
0.0, 0.0, 0.0, 2020-03-23 00:00:00, 1.5, 9.5, 0.0
0.0, 0.0, 0.0, 2020-03-24 00:00:00, 1.5, 10.0, 0.0
6.4, 6.4, 0.0, 2020-03-25 00:00:00, 1.0, 9.5, 0.0
23.8, 23.8, 0.0, 2020-03-26 00:00:00, 4.0, 6.5, 0.0
16.2, 16.2, 0.0, 2020-03-27 00:00:00, 4.5, 7.5, 0.0
24.4, 24.4, 0.0, 2020-03-28 00:00:00, 4.5, 7.5, 0.0
14.2, 14.2, 0.0, 2020-03-29 00:00:00, 4.0, 8.0, 0.0
11.0, 11.0, 0.0, 2020-03-30 00:00:00, 1.0, 6.0, 0.0
0.0, 0.0, 0.0, 2020-03-31 00:00:00, 1.0, 8.5, 0.0
0.0, 0.0, 0.0, 2020-04-01 00:00:00, -1.0, 8.0, 0.0
0.0, 0.0, 0.0, 2020-04-02 00:00:00, -0.5, 7.5, 0.0
0.0, 0.0, 0.0, 2020-04-03 00:00:00, 0.0, 8.0, 0.0
