station_observations
ONE_DAY_PRECIPITATION, ONE_DAY_RAIN, ONE_DAY_SNOW, time, MIN_TEMP, MAX_TEMP, SNOW_ON_THE_GROUND
38.2, 38.2, 0.0, 2020-02-25 00:00:00, -0.5, 2.5, 90.0
14.2, 14.2, 0.0, 2020-02-26 00:00:00, 0.0, 5.0, 80.0
13.2, 13.2, 0.0, 2020-02-27 00:00:00, 2.5, 7.5, 78.0
8.2, 8.2, 0.0, 2020-02-28 00:00:00, 0.5, 6.0, 72.0
11.0, 11.0, 0.0, 2020-03-02 00:00:00, 0.0, 4.5, 70.0
17.5, 17.5, 0.0, 2020-03-03 00:00:00, 0.5, 4.0, 70.0
11.6, 2.0, 9.6, 2020-03-04 00:00:00, 0.0, 5.0, 70.0
8.2, 8.2, 0.0, 2020-03-05 00:00:00, 0.0, 4.0, 75.0
12.1, 9.5, 2.6, 2020-03-09 00:00:00, -1.0, 4.5, 65.0
1.6, 1.6, 0.0, 2020-03-10 00:00:00, 0.0, 7.0, 55.0
0.4, 0.4, 0.0, 2020-03-11 00:00:00, 1.5, 7.0, 55.0
0.0, 0.0, 0.0, 2020-03-12 00:00:00, -2.0, 6.5, 55.0
0.0, 0.0, 0.0, 2020-03-13 00:00:00, -1.5, 0.0, 55.0
0.0, 0.0, 0.0, 2020-03-16 00:00:00, -5.5, 9.5, 55.0
