station_observations
ONE_DAY_PRECIPITATION, ONE_DAY_RAIN, MIN_TEMP, ONE_DAY_SNOW, time, SNOW_ON_THE_GROUND, MAX_TEMP
0.6, 0.0, -3.5, 0.6, 2020-02-25 00:00:00, 62.0, 3.0
0.0, 0.0, -5.0, 0.0, 2020-02-26 00:00:00, 62.0, 5.0
4.8, 0.6, -2.0, 4.2, 2020-02-27 00:00:00, 61.0, 8.0
0.0, 0.0, -3.0, 0.0, 2020-02-28 00:00:00, 59.0, 2.5
0.6, 0.0, -4.5, 0.6, 2020-02-29 00:00:00, 59.0, 4.5
0.0, 0.0, -3.5, 0.0, 2020-03-01 00:00:00, 58.0, 1.5
4.6, 0.0, -0.5, 4.6, 2020-03-02 00:00:00, 58.0, 4.5
6.2, 0.0, -2.0, 6.2, 2020-03-03 00:00:00, 62.0, 1.5
3.4, 0.0, -5.0, 3.4, 2020-03-04 00:00:00, 68.0, 4.0
7.0, 0.0, -1.5, 7.0, 2020-03-05 00:00:00, 69.0, 6.0
0.0, 0.0, -5.0, 0.0, 2020-03-06 00:00:00, 73.0, 4.0
0.0, 0.0, -12.5, 0.0, 2020-03-07 00:00:00, 70.0, 3.5
0.0, 0.0, -14.5, 0.0, 2020-03-08 00:00:00, 67.0, 2.0
1.6, 0.0, -11.5, 1.6, 2020-03-09 00:00:00, 66.0, 3.5
0.0, 0.0, -2.0, 0.0, 2020-03-10 00:00:00, 65.0, 5.5
1.6, 0.0, -2.0, 1.6, 2020-03-11 00:00:00, 65.0, 3.5
2.2, 0.0, -8.5, 2.2, 2020-03-12 00:00:00, 66.0, 3.0
0.0, 0.0, -9.0, 0.0, 2020-03-13 00:00:00, 67.0, -3.5
0.0, 0.0, -19.0, 0.0, 2020-03-14 00:00:00, 67.0, 3.5
0.0, 0.0, -16.0, 0.0, 2020-03-15 00:00:00, 67.0, 3.0
0.0, 0.0, -10.5, 0.0, 2020-03-16 00:00:00, 66.0, 7.0
0.0, 0.0, -8.0, 0.0, 2020-03-17 00:00:00, 65.0, 10.5
0.0, 0.0, -7.5, 0.0, 2020-03-18 00:00:00, 64.0, 10.0
0.0, 0.0, -1.5, 0.0, 2020-03-19 00:00:00, 62.0, 10.0
0.0, 0.0, -6.5, 0.0, 2020-03-20 00:00:00, 61.0, 11.0
0.0, 0.0, -1.5, 0.0, 2020-03-21 00:00:00, 58.0, 10.0
3.8, 0.6, -1.5, 3.2, 2020-03-22 00:00:00, 53.0, 3.5
5.8, 0.0, -0.5, 5.8, 2020-03-23 00:00:00, 53.0, 2.5
0.0, 0.0, -2.0, 0.0, 2020-03-24 00:00:00, 57.0, 5.0
3.6, 0.0, -9.0, 3.6, 2020-03-25 00:00:00, 52.0, 9.0
4.2, 2.2, 0.0, 2.0, 2020-03-26 00:00:00, 54.0, 4.0
6.8, 2.2, 0.5, 4.6, 2020-03-27 00:00:00, 52.0, 6.0
6.2, 2.6, 0.0, 3.6, 2020-03-28 00:00:00, 50.0, 5.5
2.8, 0.8, 0.0, 2.0, 2020-03-29 00:00:00, 48.0, 6.5
0.0, 0.0, -6.0, 0.0, 2020-03-30 00:00:00, 48.0, -5.0
0.0, 0.0, -10.0, 0.0, 2020-03-31 00:00:00, 48.0, -4.0
0.0, 0.0, -15.5, 0.0, 2020-04-01 00:00:00, 48.0, -0.5
0.0, 0.0, -11.0, 0.0, 2020-04-02 00:00:00, 48.0, -1.0
0.0, 0.0, -15.0, 0.0, 2020-04-03 00:00:00, 48.0, 2.0
