station_observations
ONE_DAY_PRECIPITATION, ONE_DAY_RAIN, ONE_DAY_SNOW, time, MIN_TEMP, MAX_TEMP, SNOW_ON_THE_GROUND
1.0, 0.0, 1.0, 2020-02-25 00:00:00, -19.0, -0.5, 62.0
0.0, 0.0, 0.0, 2020-02-26 00:00:00, -15.0, 4.5, 63.0
3.0, 0.0, 3.0, 2020-02-27 00:00:00, -4.5, 5.0, 61.0
9.6, 2.6, 7.0, 2020-02-28 00:00:00, -4.5, 5.5, 63.0
1.0, 0.0, 1.0, 2020-02-29 00:00:00, -5.0, 2.0, 69.0
6.0, 0.0, 6.0, 2020-03-01 00:00:00, -17.5, -1.5, 71.0
6.0, 0.0, 6.0, 2020-03-02 00:00:00, -7.0, 0.5, 74.0
0.0, 0.0, 0.0, 2020-03-03 00:00:00, -11.0, 3.0, 80.0
0.0, 0.0, 0.0, 2020-03-04 00:00:00, -14.0, 1.5, 76.0
1.0, 0.0, 1.0, 2020-03-05 00:00:00, -10.0, 7.0, 73.0
0.0, 0.0, 0.0, 2020-03-06 00:00:00, -11.5, 3.0, 74.0
0.0, 0.0, 0.0, 2020-03-07 00:00:00, -23.5, 1.0, 73.0
0.0, 0.0, 0.0, 2020-03-08 00:00:00, -25.0, 0.0, 73.0
0.0, 0.0, 0.0, 2020-03-09 00:00:00, -23.0, 1.0, 73.0
0.0, 0.0, 0.0, 2020-03-10 00:00:00, -7.0, 3.5, 73.0
0.0, 0.0, 0.0, 2020-03-11 00:00:00, -6.0, 1.0, 73.0
0.0, 0.0, 0.0, 2020-03-12 00:00:00, -9.0, -2.0, 74.0
0.0, 0.0, 0.0, 2020-03-13 00:00:00, -21.0, -10.0, 73.0
0.0, 0.0, 0.0, 2020-03-14 00:00:00, -26.0, -10.0, 72.0
0.0, 0.0, 0.0, 2020-03-15 00:00:00, -29.5, -4.0, 72.0
0.0, 0.0, 0.0, 2020-03-16 00:00:00, -23.5, 3.5, 72.0
0.0, 0.0, 0.0, 2020-03-17 00:00:00, -19.0, 6.0, 72.0
0.0, 0.0, 0.0, 2020-03-18 00:00:00, -18.5, 4.5, 71.0
0.0, 0.0, 0.0, 2020-03-19 00:00:00, -21.0, 7.0, 71.0
0.0, 0.0, 0.0, 2020-03-20 00:00:00, -17.0, 7.0, 71.0
0.0, 0.0, 0.0, 2020-03-21 00:00:00, -15.0, 5.5, 71.0
0.0, 0.0, 0.0, 2020-03-22 00:00:00, -12.0, 5.5, 70.0
17.0, 0.0, 17.0, 2020-03-23 00:00:00, -10.5, 5.0, 69.0
0.0, 0.0, 0.0, 2020-03-24 00:00:00, -9.0, 0.0, 86.0
0.0, 0.0, 0.0, 2020-03-25 00:00:00, -21.5, 2.0, 82.0
16.0, 0.0, 16.0, 2020-03-26 00:00:00, -15.5, 0.0, 79.0
1.8, 1.8, 0.0, 2020-03-27 00:00:00, -2.0, 3.0, 94.0
0.0, 0.0, 0.0, 2020-03-28 00:00:00, -2.0, 5.0, 88.0
1.8, 1.8, 0.0, 2020-03-29 00:00:00, -3.0, 6.5, 78.0
1.4, 1.4, 0.0, 2020-03-30 00:00:00, -3.0, 3.5, 74.0
0.0, 0.0, 0.0, 2020-04-01 00:00:00, -17.0, -4.5, 74.0
1.0, 0.0, 1.0, 2020-04-02 00:00:00, -24.5, -2.5, 73.0
