station_observations
ONE_DAY_PRECIPITATION, ONE_DAY_RAIN, MIN_TEMP, ONE_DAY_SNOW, time, SNOW_ON_THE_GROUND, MAX_TEMP
2.0, 0.0, -5.0, 2.0, 2020-02-25 00:00:00, 0.0, 0.0
8.0, 0.0, -3.0, 8.0, 2020-02-26 00:00:00, 0.0, 3.0
6.0, 3.0, -2.5, 3.0, 2020-02-27 00:00:00, 0.0, 3.0
10.0, 0.0, -1.5, 10.0, 2020-02-28 00:00:00, 0.0, 2.0
0.0, 0.0, -5.0, 0.0, 2020-02-29 00:00:00, 0.0, 1.0
3.0, 0.0, -6.0, 3.0, 2020-03-01 00:00:00, 0.0, 0.0
2.0, 2.0, -5.0, 0.0, 2020-03-02 00:00:00, 0.0, 0.0
1.0, 1.0, -3.0, 0.0, 2020-03-03 00:00:00, 0.0, 0.5
0.0, 0.0, -5.0, 0.0, 2020-03-04 00:00:00, 0.0, 2.5
0.0, 0.0, -5.5, 0.0, 2020-03-05 00:00:00, 0.0, 2.0
0.0, 0.0, -7.0, 0.0, 2020-03-06 00:00:00, 0.0, 0.0
0.0, 0.0, -6.0, 0.0, 2020-03-07 00:00:00, 0.0, 0.0
0.0, 0.0, -7.0, 0.0, 2020-03-08 00:00:00, 0.0, 0.0
2.0, 0.0, -7.0, 2.0, 2020-03-09 00:00:00, 0.0, 1.5
2.0, 0.0, -6.0, 2.0, 2020-03-10 00:00:00, 0.0, 0.0
0.0, 0.0, -5.0, 0.0, 2020-03-11 00:00:00, 0.0, 5.0
0.0, 0.0, -7.0, 0.0, 2020-03-12 00:00:00, 0.0, -0.5
0.0, 0.0, -11.0, 0.0, 2020-03-14 00:00:00, 0.0, -2.0
0.0, 0.0, -10.0, 0.0, 2020-03-15 00:00:00, 0.0, 3.5
