station_observations
ONE_DAY_PRECIPITATION, ONE_DAY_RAIN, MIN_TEMP, ONE_DAY_SNOW, time, SNOW_ON_THE_GROUND, MAX_TEMP
3.0, 3.0, 2.0, 0.0, 2020-02-25 00:00:00, 0.0, 5.0
8.0, 8.0, 2.0, 0.0, 2020-02-26 00:00:00, 0.0, 8.5
7.0, 7.0, 5.0, 0.0, 2020-02-27 00:00:00, 0.0, 7.0
11.5, 11.5, 4.0, 0.0, 2020-02-28 00:00:00, 0.0, 8.5
2.0, 2.0, 3.0, 0.0, 2020-02-29 00:00:00, 0.0, 8.0
6.0, 6.0, 1.0, 0.0, 2020-03-01 00:00:00, 0.0, 6.0
16.4, 16.4, 2.0, 0.0, 2020-03-02 00:00:00, 0.0, 5.5
1.8, 1.8, 4.5, 0.0, 2020-03-03 00:00:00, 0.0, 7.5
0.0, 0.0, 4.0, 0.0, 2020-03-04 00:00:00, 0.0, 9.5
10.0, 10.0, 5.0, 0.0, 2020-03-05 00:00:00, 0.0, 8.0
0.0, 0.0, 2.0, 0.0, 2020-03-06 00:00:00, 0.0, 9.0
2.0, 2.0, -1.0, 0.0, 2020-03-07 00:00:00, 0.0, 7.0
0.5, 0.5, -1.0, 0.0, 2020-03-08 00:00:00, 0.0, 6.0
0.0, 0.0, -2.0, 0.0, 2020-03-09 00:00:00, 0.0, 7.5
14.7, 14.7, 1.5, 0.0, 2020-03-10 00:00:00, 0.0, 6.0
0.0, 0.0, 1.0, 0.0, 2020-03-13 00:00:00, 0.0, 7.5
0.0, 0.0, -2.0, 0.0, 2020-03-14 00:00:00, 0.0, 5.0
0.0, 0.0, -2.0, 0.0, 2020-03-15 00:00:00, 0.0, 8.0
0.0, 0.0, -1.0, 0.0, 2020-03-16 00:00:00, 0.0, 11.0
0.0, 0.0, 0.5, 0.0, 2020-03-17 00:00:00, 0.0, 11.0
0.0, 0.0, 2.0, 0.0, 2020-03-18 00:00:00, 0.0, 13.0
0.0, 0.0, 1.5, 0.0, 2020-03-19 00:00:00, 0.0, 14.5
0.0, 0.0, 3.0, 0.0, 2020-03-20 00:00:00, 0.0, 14.5
0.0, 0.0, 3.0, 0.0, 2020-03-21 00:00:00, 0.0, 12.0
4.0, 4.0, 4.0, 0.0, 2020-03-22 00:00:00, 0.0, 11.0
9.2, 9.2, 3.5, 0.0, 2020-03-23 00:00:00, 0.0, 9.0
4.6, 4.6, 1.5, 0.0, 2020-03-24 00:00:00, 0.0, 10.0
0.8, 0.8, 2.0, 0.0, 2020-03-25 00:00:00, 0.0, 10.5
17.8, 17.8, 2.5, 0.0, 2020-03-26 00:00:00, 0.0, 6.5
31.0, 31.0, 4.0, 0.0, 2020-03-27 00:00:00, 0.0, 8.0
36.0, 36.0, 6.0, 0.0, 2020-03-28 00:00:00, 0.0, 8.0
11.6, 11.6, 6.0, 0.0, 2020-03-29 00:00:00, 0.0, 12.0
2.2, 2.2, 4.5, 0.0, 2020-03-30 00:00:00, 0.0, 7.5
24.4, 24.4, 2.0, 0.0, 2020-03-31 00:00:00, 0.0, 9.0
2.5, 2.5, 1.5, 0.0, 2020-04-01 00:00:00, 0.0, 7.0
1.4, 1.4, 2.0, 0.0, 2020-04-02 00:00:00, 0.0, 9.0
1.2, 1.2, 2.0, 0.0, 2020-04-03 00:00:00, 0.0, 9.0
