station_observations
ONE_DAY_PRECIPITATION, ONE_DAY_RAIN, MIN_TEMP, ONE_DAY_SNOW, time, SNOW_ON_THE_GROUND, MAX_TEMP
1.0, 0.0, -10.0, 1.0, 2020-02-25 00:00:00, 254.0, -1.0
0.0, 0.0, -6.5, 0.0, 2020-02-26 00:00:00, 252.0, -2.5
1.0, 0.0, -6.0, 1.0, 2020-02-27 00:00:00, 250.0, -1.5
21.0, 0.0, -6.0, 21.0, 2020-02-28 00:00:00, 249.0, -2.0
0.0, 0.0, -8.0, 0.0, 2020-02-29 00:00:00, 264.0, -4.5
1.0, 0.0, -9.0, 1.0, 2020-03-01 00:00:00, 260.0, -5.5
1.0, 0.0, -8.0, 1.0, 2020-03-02 00:00:00, 257.0, -2.5
1.0, 0.0, -5.5, 1.0, 2020-03-03 00:00:00, 255.0, -2.5
3.0, 0.0, -9.5, 3.0, 2020-03-04 00:00:00, 253.0, -5.0
32.0, 0.0, -9.5, 32.0, 2020-03-05 00:00:00, 252.0, -4.0
0.0, 0.0, -11.5, 0.0, 2020-03-06 00:00:00, 273.0, -5.0
6.0, 0.0, -12.0, 6.0, 2020-03-07 00:00:00, 268.0, -5.5
0.0, 0.0, -11.5, 0.0, 2020-03-08 00:00:00, 268.0, -6.5
3.0, 0.0, -12.0, 3.0, 2020-03-09 00:00:00, 265.0, -5.0
2.0, 0.0, -9.0, 2.0, 2020-03-10 00:00:00, 264.0, -3.5
0.0, 0.0, -8.0, 0.0, 2020-03-11 00:00:00, 260.0, -2.0
2.0, 0.0, -11.5, 2.0, 2020-03-12 00:00:00, 258.0, -5.0
0.0, 0.0, -13.0, 0.0, 2020-03-13 00:00:00, 258.0, -10.0
0.0, 0.0, -22.0, 0.0, 2020-03-14 00:00:00, 255.0, -15.5
0.0, 0.0, -20.0, 0.0, 2020-03-15 00:00:00, 253.0, -3.5
0.0, 0.0, -11.5, 0.0, 2020-03-16 00:00:00, 252.0, 5.5
0.0, 0.0, -2.5, 0.0, 2020-03-17 00:00:00, 250.0, 2.0
0.0, 0.0, -7.0, 0.0, 2020-03-18 00:00:00, 249.0, 4.0
0.0, 0.0, -4.5, 0.0, 2020-03-19 00:00:00, 246.0, 4.5
0.0, 0.0, -4.0, 0.0, 2020-03-20 00:00:00, 245.0, 3.5
0.0, 0.0, -4.0, 0.0, 2020-03-21 00:00:00, 244.0, 5.5
2.0, 0.0, -3.0, 2.0, 2020-03-22 00:00:00, 242.0, 0.5
8.0, 0.0, -7.0, 8.0, 2020-03-23 00:00:00, 244.0, -5.0
2.0, 0.0, -9.5, 2.0, 2020-03-24 00:00:00, 250.0, -3.5
0.0, 0.0, -10.0, 0.0, 2020-03-25 00:00:00, 248.0, -2.5
4.0, 0.0, -7.0, 4.0, 2020-03-26 00:00:00, 246.0, -3.5
4.0, 0.0, -5.5, 4.0, 2020-03-27 00:00:00, 248.0, -1.5
20.0, 0.0, -3.0, 20.0, 2020-03-28 00:00:00, 250.0, -2.0
37.0, 0.0, -5.5, 37.0, 2020-03-29 00:00:00, 265.0, -3.5
13.0, 0.0, -8.0, 13.0, 2020-03-30 00:00:00, 293.0, -0.5
3.0, 0.0, -9.0, 3.0, 2020-03-31 00:00:00, 293.0, -2.0
0.0, 0.0, -12.0, 0.0, 2020-04-01 00:00:00, 288.0, -6.5
3.0, 0.0, -11.5, 3.0, 2020-04-02 00:00:00, 284.0, -5.0
3.0, 0.0, -10.5, 3.0, 2020-04-03 00:00:00, 281.0, -6.5
