station_observations
ONE_DAY_PRECIPITATION, ONE_DAY_RAIN, MIN_TEMP, ONE_DAY_SNOW, time, SNOW_ON_THE_GROUND, MAX_TEMP
0.0, 0.0, -9.0, 0.0, 2020-02-25 00:00:00, 62.0, 1.0
0.0, 0.0, -5.0, 0.0, 2020-02-26 00:00:00, 60.0, 8.0
0.0, 0.0, -1.0, 0.0, 2020-02-27 00:00:00, 57.0, 8.5
3.0, 0.0, -5.0, 3.0, 2020-02-28 00:00:00, 49.0, 10.0
0.0, 0.0, -4.0, 0.0, 2020-02-29 00:00:00, 49.0, 4.0
5.0, 2.0, -9.5, 3.0, 2020-03-01 00:00:00, 49.0, 3.0
0.0, 0.0, -3.0, 0.0, 2020-03-07 00:00:00, 46.0, 4.5
0.0, 0.0, -14.0, 0.0, 2020-03-09 00:00:00, 45.0, 5.0
4.0, 0.0, -7.5, 4.0, 2020-03-10 00:00:00, 45.0, 5.5
5.8, 0.0, -2.0, 5.8, 2020-03-11 00:00:00, 49.0, 4.0
0.0, 0.0, -5.0, 0.0, 2020-03-12 00:00:00, 50.0, 2.5
0.0, 0.0, -5.5, 0.0, 2020-03-13 00:00:00, 49.0, -3.0
0.0, 0.0, -14.5, 0.0, 2020-03-14 00:00:00, 49.0, -7.0
0.0, 0.0, -20.0, 0.0, 2020-03-15 00:00:00, 49.0, -0.5
0.0, 0.0, -18.0, 0.0, 2020-03-16 00:00:00, 48.0, 7.0
0.0, 0.0, -10.5, 0.0, 2020-03-17 00:00:00, 47.0, 9.5
0.0, 0.0, -10.0, 0.0, 2020-03-18 00:00:00, 46.0, 10.0
0.0, 0.0, -9.0, 0.0, 2020-03-19 00:00:00, 45.0, 12.0
0.0, 0.0, -7.5, 0.0, 2020-03-20 00:00:00, 43.0, 12.5
0.0, 0.0, -6.0, 0.0, 2020-03-21 00:00:00, 40.0, 11.5
0.0, 0.0, -7.0, 0.0, 2020-03-22 00:00:00, 38.0, 6.0
0.8, 0.0, -4.0, 0.8, 2020-03-23 00:00:00, 37.0, 7.0
2.6, 1.6, -5.0, 1.0, 2020-03-24 00:00:00, 35.0, 5.0
0.0, 0.0, -5.0, 0.0, 2020-03-25 00:00:00, 34.0, 5.0
0.0, 0.0, -6.5, 0.0, 2020-03-26 00:00:00, 34.0, 4.5
0.0, 0.0, -2.0, 0.0, 2020-03-27 00:00:00, 33.0, 6.5
0.0, 0.0, -1.5, 0.0, 2020-03-28 00:00:00, 30.0, 9.5
2.0, 0.0, -5.0, 2.0, 2020-03-31 00:00:00, 27.0, 7.0
0.0, 0.0, -11.0, 0.0, 2020-04-01 00:00:00, 27.0, 0.5
1.0, 0.0, -15.0, 1.0, 2020-04-02 00:00:00, 25.0, 4.0
0.0, 0.0, -5.0, 0.0, 2020-04-03 00:00:00, 25.0, 4.0
