station_observations
ONE_DAY_PRECIPITATION, ONE_DAY_RAIN, ONE_DAY_SNOW, time, MIN_TEMP, MAX_TEMP, SNOW_ON_THE_GROUND
3.0, 0.0, 3.0, 2020-02-25 00:00:00, -10.5, -3.5, 188.0
6.0, 0.0, 6.0, 2020-02-26 00:00:00, -5.5, 1.0, 187.0
0.0, 0.0, 0.0, 2020-02-27 00:00:00, -5.5, 2.0, 185.0
1.0, 0.0, 1.0, 2020-02-28 00:00:00, -6.0, 2.5, 182.0
5.0, 0.0, 5.0, 2020-02-29 00:00:00, -6.0, 2.5, 181.0
1.4, 0.0, 1.4, 2020-03-01 00:00:00, -11.0, 2.5, 184.0
4.4, 0.0, 4.4, 2020-03-02 00:00:00, -7.0, -0.5, 182.0
0.0, 0.0, 0.0, 2020-03-03 00:00:00, -6.0, 0.0, 183.0
0.0, 0.0, 0.0, 2020-03-04 00:00:00, -6.0, 0.0, 181.0
0.0, 0.0, 0.0, 2020-03-05 00:00:00, -8.0, 4.0, 179.0
8.0, 0.0, 8.0, 2020-03-06 00:00:00, -8.0, -0.5, 178.0
4.0, 0.0, 4.0, 2020-03-07 00:00:00, -5.0, -1.5, 182.0
0.0, 0.0, 0.0, 2020-03-08 00:00:00, -9.0, -2.0, 185.0
4.0, 0.0, 4.0, 2020-03-09 00:00:00, -12.0, -3.0, 183.0
18.0, 0.0, 18.0, 2020-03-10 00:00:00, -9.5, -3.0, 185.0
0.0, 0.0, 0.0, 2020-03-11 00:00:00, -9.5, -1.0, 190.0
4.0, 0.0, 4.0, 2020-03-12 00:00:00, -10.5, -3.5, 187.0
8.0, 0.0, 8.0, 2020-03-13 00:00:00, -10.0, -4.5, 185.0
0.0, 0.0, 0.0, 2020-03-14 00:00:00, -18.0, -4.5, 191.0
0.0, 0.0, 0.0, 2020-03-16 00:00:00, -17.5, 1.0, 186.0
0.0, 0.0, 0.0, 2020-03-17 00:00:00, -7.0, 4.0, 183.0
1.0, 0.0, 1.0, 2020-03-26 00:00:00, -8.5, -1.0, 169.0
0.0, 0.0, 0.0, 2020-04-01 00:00:00, -10.0, -5.5, 173.0
8.0, 0.0, 8.0, 2020-04-02 00:00:00, -12.5, -1.5, 173.0
