station_observations
ONE_DAY_PRECIPITATION, ONE_DAY_RAIN, ONE_DAY_SNOW, time, MIN_TEMP, MAX_TEMP, SNOW_ON_THE_GROUND
0.2, 0.0, 0.2, 2020-02-25 00:00:00, -5.5, 4.5, 63.0
0.0, 0.0, 0.0, 2020-02-26 00:00:00, -1.5, 7.5, 63.0
0.0, 0.0, 0.0, 2020-02-27 00:00:00, -2.0, 8.0, 61.0
0.0, 0.0, 0.0, 2020-02-28 00:00:00, 0.0, 7.0, 59.0
0.0, 0.0, 0.0, 2020-02-29 00:00:00, 0.5, 7.5, 58.0
0.0, 0.0, 0.0, 2020-03-01 00:00:00, -2.0, 7.0, 57.0
4.6, 4.6, 0.0, 2020-03-02 00:00:00, 0.0, 9.0, 56.0
0.0, 0.0, 0.0, 2020-03-03 00:00:00, -0.5, 11.0, 53.0
0.0, 0.0, 0.0, 2020-03-04 00:00:00, 0.5, 8.0, 51.0
0.0, 0.0, 0.0, 2020-03-05 00:00:00, -3.0, 5.5, 50.0
4.8, 4.4, 0.4, 2020-03-06 00:00:00, 0.5, 5.5, 48.0
13.2, 2.0, 11.2, 2020-03-07 00:00:00, 0.5, 2.0, 46.0
8.2, 0.0, 8.2, 2020-03-08 00:00:00, -1.5, 4.0, 53.0
0.0, 0.0, 0.0, 2020-03-09 00:00:00, -5.5, 5.5, 52.0
10.8, 0.0, 10.8, 2020-03-10 00:00:00, -6.5, -1.0, 50.0
0.0, 0.0, 0.0, 2020-03-11 00:00:00, -1.5, 7.0, 58.0
0.2, 0.0, 0.2, 2020-03-12 00:00:00, -7.0, 5.0, 51.0
0.0, 0.0, 0.0, 2020-03-13 00:00:00, -3.0, 0.5, 50.0
0.0, 0.0, 0.0, 2020-03-14 00:00:00, -9.5, -2.5, 50.0
0.0, 0.0, 0.0, 2020-03-15 00:00:00, -10.5, 4.0, 49.0
0.0, 0.0, 0.0, 2020-03-16 00:00:00, -8.0, 8.5, 48.0
0.0, 0.0, 0.0, 2020-03-17 00:00:00, -5.0, 9.5, 46.0
0.0, 0.0, 0.0, 2020-03-18 00:00:00, -3.5, 12.0, 42.0
0.0, 0.0, 0.0, 2020-03-19 00:00:00, -3.0, 11.5, 39.0
0.0, 0.0, 0.0, 2020-03-20 00:00:00, -2.5, 14.0, 36.0
0.0, 0.0, 0.0, 2020-03-21 00:00:00, -2.5, 14.0, 37.0
0.0, 0.0, 0.0, 2020-03-22 00:00:00, -3.0, 11.5, 32.0
1.8, 1.0, 0.8, 2020-03-23 00:00:00, 1.0, 8.5, 28.0
0.4, 0.4, 0.0, 2020-03-24 00:00:00, -1.5, 7.0, 26.0
0.0, 0.0, 0.0, 2020-03-25 00:00:00, -2.5, 8.5, 24.0
0.0, 0.0, 0.0, 2020-03-26 00:00:00, -5.5, 8.0, 20.0
0.0, 0.0, 0.0, 2020-03-27 00:00:00, 1.0, 7.5, 17.0
4.4, 4.4, 0.0, 2020-03-28 00:00:00, 1.5, 7.5, 14.0
5.2, 5.2, 0.0, 2020-03-29 00:00:00, 1.5, 8.0, 10.0
8.8, 8.8, 0.0, 2020-03-30 00:00:00, 0.5, 5.0, 5.0
0.0, 0.0, 0.0, 2020-03-31 00:00:00, -1.0, 6.5, 2.0
0.8, 0.0, 0.8, 2020-04-01 00:00:00, -2.5, 5.0, 0.0
10.2, 0.0, 10.2, 2020-04-02 00:00:00, -4.5, 7.0, 0.0
3.8, 0.0, 3.8, 2020-04-03 00:00:00, -2.5, 4.5, 10.0
