station_observations
ONE_DAY_PRECIPITATION, ONE_DAY_RAIN, MIN_TEMP, ONE_DAY_SNOW, time, SNOW_ON_THE_GROUND, MAX_TEMP
0.0, 0.0, -11.0, 0.0, 2020-02-25 00:00:00, 16.0, 3.0
0.0, 0.0, -5.0, 0.0, 2020-02-26 00:00:00, 20.0, 7.0
0.0, 0.0, -6.0, 0.0, 2020-02-27 00:00:00, 17.0, 9.0
0.0, 0.0, -2.0, 0.0, 2020-02-28 00:00:00, 16.0, 11.0
0.4, 0.0, 0.0, 0.4, 2020-03-03 00:00:00, 7.0, 10.0
0.0, 0.0, -0.5, 0.0, 2020-03-04 00:00:00, 7.0, 6.0
0.0, 0.0, -4.0, 0.0, 2020-03-05 00:00:00, 7.0, 8.5
0.0, 0.0, -9.5, 0.0, 2020-03-09 00:00:00, 2.0, 5.0
1.2, 0.0, -7.5, 1.2, 2020-03-10 00:00:00, 1.0, 4.0
0.0, 0.0, -3.5, 0.0, 2020-03-11 00:00:00, 2.0, 7.0
3.4, 0.0, -5.5, 3.4, 2020-03-12 00:00:00, 1.0, 5.0
7.8, 0.0, -5.5, 7.8, 2020-03-13 00:00:00, 4.0, -3.0
0.0, 0.0, -13.5, 0.0, 2020-03-16 00:00:00, 5.0, 7.5
0.0, 0.0, -9.5, 0.0, 2020-03-17 00:00:00, 3.0, 10.0
0.0, 0.0, -7.0, 0.0, 2020-03-18 00:00:00, 2.0, 12.0
0.0, 0.0, -7.0, 0.0, 2020-03-19 00:00:00, 1.0, 8.0
0.0, 0.0, -7.5, 0.0, 2020-03-20 00:00:00, 1.0, 10.5
0.0, 0.0, -1.0, 0.0, 2020-03-23 00:00:00, 0.0, 12.0
0.0, 0.0, -2.0, 0.0, 2020-03-24 00:00:00, 0.0, 5.0
0.0, 0.0, -3.0, 0.0, 2020-03-25 00:00:00, 0.0, 7.0
0.0, 0.0, -7.0, 0.0, 2020-03-26 00:00:00, 0.0, 8.0
0.0, 0.0, -0.5, 0.0, 2020-03-27 00:00:00, 0.0, 9.5
