station_observations
ONE_DAY_PRECIPITATION, ONE_DAY_RAIN, MIN_TEMP, ONE_DAY_SNOW, time, SNOW_ON_THE_GROUND, MAX_TEMP
3.4, 0.0, -17.0, 3.8, 2020-02-25 00:00:00, 108.0, -3.0
2.8, 0.0, -4.5, 3.2, 2020-02-26 00:00:00, 108.0, 1.5
5.0, 4.6, -2.5, 0.4, 2020-02-27 00:00:00, 107.0, 3.0
1.3, 1.3, 0.0, 0.0, 2020-02-28 00:00:00, 102.0, 2.0
0.0, 0.0, 0.5, 0.0, 2020-02-29 00:00:00, 98.0, 2.5
1.0, 0.0, -4.5, 2.2, 2020-03-01 00:00:00, 96.0, 2.5
1.2, 1.2, -1.5, 0.0, 2020-03-02 00:00:00, 98.0, 7.5
0.0, 0.0, -0.5, 0.0, 2020-03-03 00:00:00, 92.0, 6.0
2.8, 0.0, 0.0, 3.8, 2020-03-04 00:00:00, 88.0, 3.5
0.0, 0.0, -7.0, 0.0, 2020-03-05 00:00:00, 90.0, 0.5
0.0, 0.0, -5.0, 0.0, 2020-03-06 00:00:00, 90.0, 4.0
0.0, 0.0, -3.5, 0.0, 2020-03-07 00:00:00, 89.0, -0.5
0.0, 0.0, -15.0, 0.0, 2020-03-08 00:00:00, 89.0, 3.5
0.4, 0.0, -18.0, 0.8, 2020-03-09 00:00:00, 88.0, 4.5
10.8, 0.0, -9.0, 14.2, 2020-03-10 00:00:00, 88.0, 0.0
0.0, 0.0, -11.5, 0.0, 2020-03-11 00:00:00, 101.0, 2.5
0.0, 0.0, -9.0, 0.0, 2020-03-12 00:00:00, 100.0, 2.0
0.0, 0.0, -16.0, 0.0, 2020-03-13 00:00:00, 98.0, -5.5
0.0, 0.0, -14.5, 0.0, 2020-03-14 00:00:00, 95.0, -4.5
0.0, 0.0, -21.0, 0.0, 2020-03-15 00:00:00, 94.0, 0.5
0.0, 0.0, -20.5, 0.0, 2020-03-16 00:00:00, 93.0, 6.0
0.0, 0.0, -14.5, 0.0, 2020-03-17 00:00:00, 93.0, 9.5
0.0, 0.0, -12.5, 0.0, 2020-03-18 00:00:00, 89.0, 9.0
0.0, 0.0, -12.5, 0.0, 2020-03-19 00:00:00, 87.0, 9.5
0.0, 0.0, -12.0, 0.0, 2020-03-20 00:00:00, 86.0, 11.5
0.0, 0.0, -11.5, 0.0, 2020-03-21 00:00:00, 85.0, 9.5
4.2, 1.2, -10.5, 3.0, 2020-03-22 00:00:00, 83.0, 8.5
9.0, 0.0, -0.5, 9.0, 2020-03-23 00:00:00, 83.0, 3.5
2.2, 0.0, -1.5, 2.2, 2020-03-24 00:00:00, 85.0, 4.5
0.0, 0.0, -7.0, 0.0, 2020-03-25 00:00:00, 83.0, 3.0
0.0, 0.0, -11.5, 0.0, 2020-03-26 00:00:00, 82.0, 5.5
0.8, 0.8, 0.0, 0.0, 2020-03-27 00:00:00, 82.0, 6.0
2.4, 2.4, 0.0, 0.0, 2020-03-28 00:00:00, 79.0, 4.0
0.6, 0.6, 0.5, 0.0, 2020-03-29 00:00:00, 78.0, 9.0
4.2, 1.0, -0.5, 3.6, 2020-03-30 00:00:00, 74.0, 2.5
0.0, 0.0, -5.0, 0.0, 2020-03-31 00:00:00, 75.0, 1.0
0.0, 0.0, -8.5, 0.0, 2020-04-01 00:00:00, 74.0, -1.5
0.0, 0.0, -14.5, 0.0, 2020-04-02 00:00:00, 74.0, 0.0
0.0, 0.0, -6.5, 0.0, 2020-04-03 00:00:00, 74.0, 2.5
