station_observations
ONE_DAY_PRECIPITATION, ONE_DAY_RAIN, ONE_DAY_SNOW, time, MIN_TEMP, MAX_TEMP, SNOW_ON_THE_GROUND
1.2, 0.0, 1.2, 2020-02-25 00:00:00, -5.0, 2.5, 54.0
0.0, 0.0, 0.0, 2020-02-26 00:00:00, -1.0, 5.5, 54.0
0.0, 0.0, 0.0, 2020-02-27 00:00:00, -2.0, 6.0, 54.0
0.0, 0.0, 0.0, 2020-02-28 00:00:00, -1.0, 9.0, 53.0
0.0, 0.0, 0.0, 2020-02-29 00:00:00, 2.0, 6.5, 5.0
0.0, 0.0, 0.0, 2020-03-01 00:00:00, -3.0, 6.5, 52.0
0.2, 0.2, 0.0, 2020-03-02 00:00:00, -1.0, 10.5, 51.0
0.0, 0.0, 0.0, 2020-03-03 00:00:00, -2.5, 10.5, 48.0
0.0, 0.0, 0.0, 2020-03-04 00:00:00, -1.0, 8.0, 45.0
2.4, 2.4, 0.0, 2020-03-05 00:00:00, -2.5, 9.5, 44.0
1.4, 0.4, 1.0, 2020-03-06 00:00:00, 0.0, 7.5, 43.0
0.0, 0.0, 0.0, 2020-03-07 00:00:00, -2.0, 4.5, 42.0
0.0, 0.0, 0.0, 2020-03-08 00:00:00, -4.0, 4.5, 42.0
2.0, 0.0, 2.0, 2020-03-09 00:00:00, -8.0, 6.5, 42.0
2.0, 0.0, 2.0, 2020-03-10 00:00:00, -4.5, 2.0, 42.0
0.0, 0.0, 0.0, 2020-03-11 00:00:00, -4.0, 7.0, 40.0
0.0, 0.0, 0.0, 2020-03-12 00:00:00, -5.5, 5.0, 40.0
0.0, 0.0, 0.0, 2020-03-13 00:00:00, -3.0, 1.0, 40.0
0.0, 0.0, 0.0, 2020-03-14 00:00:00, -8.0, -1.5, 40.0
0.0, 0.0, 0.0, 2020-03-15 00:00:00, -14.0, 0.0, 40.0
0.0, 0.0, 0.0, 2020-03-16 00:00:00, -11.5, 3.5, 40.0
0.0, 0.0, 0.0, 2020-03-17 00:00:00, -8.5, 7.5, 39.0
0.0, 0.0, 0.0, 2020-03-18 00:00:00, -7.0, 8.5, 39.0
0.0, 0.0, 0.0, 2020-03-19 00:00:00, -6.5, 8.5, 39.0
0.0, 0.0, 0.0, 2020-03-20 00:00:00, -6.0, 9.5, 38.0
0.0, 0.0, 0.0, 2020-03-21 00:00:00, -6.0, 12.0, 37.0
0.0, 0.0, 0.0, 2020-03-22 00:00:00, -4.0, 9.0, 36.0
0.0, 0.0, 0.0, 2020-03-23 00:00:00, -2.0, 10.5, 35.0
0.0, 0.0, 0.0, 2020-03-24 00:00:00, -3.5, 8.0, 33.0
0.0, 0.0, 0.0, 2020-03-25 00:00:00, -6.5, 6.5, 31.0
0.0, 0.0, 0.0, 2020-03-26 00:00:00, -6.5, 7.0, 30.0
0.0, 0.0, 0.0, 2020-03-27 00:00:00, 1.0, 11.0, 29.0
0.0, 0.0, 0.0, 2020-03-28 00:00:00, 0.0, 8.0, 26.0
4.4, 4.4, 0.0, 2020-03-29 00:00:00, 2.5, 12.5, 23.0
4.2, 4.2, 0.0, 2020-03-30 00:00:00, 0.0, 10.0, 18.0
0.0, 0.0, 0.0, 2020-03-31 00:00:00, -3.5, 8.0, 0.0
0.0, 0.0, 0.0, 2020-04-01 00:00:00, -2.5, 3.0, 0.0
0.0, 0.0, 0.0, 2020-04-02 00:00:00, -5.0, 4.0, 0.0
3.6, 0.0, 3.6, 2020-04-03 00:00:00, -2.0, 3.0, 0.0
