station_observations
ONE_DAY_PRECIPITATION, ONE_DAY_RAIN, ONE_DAY_SNOW, time, MIN_TEMP, MAX_TEMP, SNOW_ON_THE_GROUND
0.0, 0.0, 0.0, 2020-02-25 00:00:00, -8.0, 3.0, 11.0
0.0, 0.0, 0.0, 2020-02-26 00:00:00, -4.0, 6.0, 11.0
0.0, 0.0, 0.0, 2020-02-27 00:00:00, 0.0, 7.0, 9.0
0.0, 0.0, 0.0, 2020-02-28 00:00:00, 1.0, 4.0, 7.0
0.0, 0.0, 0.0, 2020-02-29 00:00:00, -7.0, -1.5, 7.0
0.0, 0.0, 0.0, 2020-03-02 00:00:00, 1.0, 5.0, 7.0
0.0, 0.0, 0.2, 2020-03-03 00:00:00, -0.5, 4.0, 7.0
0.0, 0.0, 0.0, 2020-03-04 00:00:00, -5.0, 2.5, 6.0
0.0, 0.0, 0.4, 2020-03-05 00:00:00, -5.0, 3.5, 6.0
1.0, 0.0, 2.4, 2020-03-06 00:00:00, -18.0, -14.5, 6.0
0.0, 0.0, 0.0, 2020-03-07 00:00:00, -26.5, -10.5, 8.0
0.0, 0.0, 0.0, 2020-03-08 00:00:00, -22.5, 1.0, 7.0
0.0, 0.0, 0.0, 2020-03-09 00:00:00, -9.0, 3.0, 6.0
0.0, 0.0, 0.0, 2020-03-10 00:00:00, -1.0, 4.5, 6.0
2.4, 0.0, 8.2, 2020-03-11 00:00:00, -2.0, 5.5, 6.0
0.2, 0.0, 1.0, 2020-03-12 00:00:00, -11.5, -10.0, 13.0
0.0, 0.0, 0.0, 2020-03-13 00:00:00, -27.5, -13.5, 14.0
0.0, 0.0, 0.0, 2020-03-14 00:00:00, -31.0, -11.5, 14.0
0.0, 0.0, 0.0, 2020-03-15 00:00:00, -21.5, 1.0, 14.0
0.0, 0.0, 0.0, 2020-03-16 00:00:00, -9.5, 7.5, 13.0
0.0, 0.0, 0.0, 2020-03-17 00:00:00, -4.5, 0.5, 10.0
0.0, 0.0, 0.0, 2020-03-18 00:00:00, -11.0, 2.5, 10.0
0.0, 0.0, 0.0, 2020-03-19 00:00:00, -9.5, 0.5, 8.0
0.0, 0.0, 0.0, 2020-03-20 00:00:00, -10.5, 9.0, 6.0
0.0, 0.0, 0.0, 2020-03-21 00:00:00, -3.0, 8.0, 4.0
1.2, 0.0, 4.2, 2020-03-22 00:00:00, -4.0, 6.0, 3.0
0.0, 0.0, 0.0, 2020-03-23 00:00:00, -4.5, -1.0, 7.0
0.0, 0.0, 0.0, 2020-03-24 00:00:00, -16.5, -1.5, 6.0
0.0, 0.0, 0.0, 2020-03-25 00:00:00, -11.5, 5.5, 6.0
0.0, 0.0, 0.0, 2020-03-26 00:00:00, 1.0, 9.0, 3.0
3.2, 0.0, 5.8, 2020-03-27 00:00:00, -6.0, 5.0, 2.0
2.6, 0.0, 7.4, 2020-03-28 00:00:00, -16.5, -14.0, 8.0
1.0, 0.0, 3.6, 2020-03-29 00:00:00, -16.5, -10.0, 15.0
1.0, 0.0, 3.4, 2020-03-30 00:00:00, -15.5, -13.0, 17.0
0.6, 0.0, 2.0, 2020-03-31 00:00:00, -15.5, -10.5, 17.0
0.0, 0.0, 0.0, 2020-04-01 00:00:00, -19.5, -7.5, 18.0
0.0, 0.0, 0.0, 2020-04-02 00:00:00, -22.5, -7.5, 16.0
0.0, 0.0, 0.0, 2020-04-03 00:00:00, -26.0, -3.5, 15.0
