station_observations
ONE_DAY_PRECIPITATION, ONE_DAY_RAIN, MIN_TEMP, ONE_DAY_SNOW, time, SNOW_ON_THE_GROUND, MAX_TEMP
2.6, 0.0, -14.0, 2.6, 2020-02-25 00:00:00, 23.0, -9.0
0.0, 0.0, -17.0, 0.0, 2020-02-26 00:00:00, 23.0, 0.0
2.4, 0.0, -4.0, 2.4, 2020-02-27 00:00:00, 21.0, 2.5
2.6, 0.0, -10.5, 2.6, 2020-02-28 00:00:00, 22.0, -3.5
0.0, 0.0, -19.0, 0.0, 2020-02-29 00:00:00, 24.0, -6.0
0.0, 0.0, -11.5, 0.0, 2020-03-01 00:00:00, 23.0, 1.0
0.0, 0.0, -1.0, 0.0, 2020-03-02 00:00:00, 21.0, 3.5
0.0, 0.0, -3.0, 0.0, 2020-03-03 00:00:00, 20.0, 3.5
0.0, 0.0, -5.5, 0.0, 2020-03-04 00:00:00, 20.0, 0.0
0.0, 0.0, -17.0, 0.0, 2020-03-05 00:00:00, 20.0, -14.5
0.0, 0.0, -17.5, 0.0, 2020-03-06 00:00:00, 20.0, -10.5
0.0, 0.0, -19.5, 0.0, 2020-03-07 00:00:00, 20.0, -6.5
0.0, 0.0, -12.0, 0.0, 2020-03-08 00:00:00, 20.0, 0.0
4.4, 0.0, -3.0, 4.4, 2020-03-09 00:00:00, 20.0, 1.0
0.0, 0.0, -2.5, 0.0, 2020-03-10 00:00:00, 23.0, 2.0
0.0, 0.0, -14.0, 0.0, 2020-03-11 00:00:00, 21.0, -9.5
0.0, 0.0, -26.0, 0.0, 2020-03-12 00:00:00, 21.0, -10.0
0.0, 0.0, -24.5, 0.0, 2020-03-13 00:00:00, 21.0, -7.5
0.0, 0.0, -21.0, 0.0, 2020-03-14 00:00:00, 21.0, -3.5
0.0, 0.0, -19.5, 0.0, 2020-03-15 00:00:00, 20.0, -1.5
0.0, 0.0, -16.5, 0.0, 2020-03-16 00:00:00, 20.0, -1.0
0.0, 0.0, -16.0, 0.0, 2020-03-17 00:00:00, 20.0, 0.5
0.0, 0.0, -8.0, 0.0, 2020-03-19 00:00:00, 21.0, 3.5
0.0, 0.0, -6.0, 0.0, 2020-03-20 00:00:00, 21.0, 5.0
2.4, 0.0, -6.5, 2.4, 2020-03-21 00:00:00, 20.0, 2.0
0.0, 0.0, -4.5, 0.0, 2020-03-22 00:00:00, 21.0, 1.0
0.0, 0.0, -8.5, 0.0, 2020-03-23 00:00:00, 21.0, -2.5
0.0, 0.0, -15.0, 0.0, 2020-03-24 00:00:00, 20.0, 2.5
0.6, 0.0, -9.0, 0.6, 2020-03-25 00:00:00, 20.0, 4.0
0.4, 0.0, -7.5, 0.4, 2020-03-26 00:00:00, 21.0, 5.0
